# wind correlation matrix
windCorrMat = [[1.0000 0.0900 -0.1671 0.0236 -0.2321 -0.0796 0.0386 0.2338 0.0254 0.0316 0.4308 0.0595 -0.0562 -0.1167 -0.0145 -0.0480 -0.0158 0.0574 -0.0170 -0.1551 0.0253 -0.1666 -0.3569 0.1767 0.0129 ];[0.0900 1.0000 -0.1955 -0.1956 -0.1528 -0.0547 -0.1986 -0.2806 0.1595 0.0184 0.1455 -0.2267 0.0615 0.1421 -0.2527 0.1115 -0.0125 -0.1935 -0.1131 0.1806 -0.0653 0.0120 -0.0134 -0.1175 0.1454 ];[-0.1671 -0.1955 1.0000 0.0738 -0.0027 0.0260 -0.0849 0.0715 -0.1539 -0.2518 -0.1267 -0.0457 -0.1182 -0.1653 0.1285 -0.0695 0.1521 0.2525 0.1654 0.0629 -0.0783 0.0978 0.2266 0.1822 -0.0016 ];[0.0236 -0.1956 0.0738 1.0000 0.0601 -0.0933 0.1587 0.1864 0.0099 -0.0522 0.0627 -0.1610 0.0019 -0.0916 0.1308 -0.1083 -0.1169 0.0702 -0.1382 0.0948 0.1405 -0.0604 -0.2338 -0.2503 -0.1195 ];[-0.2321 -0.1528 -0.0027 0.0601 1.0000 0.2109 -0.0879 0.2101 -0.0902 -0.0949 -0.1608 -0.1721 -0.0025 0.2146 0.0225 -0.0867 0.0488 0.0493 0.2465 0.0798 0.0607 0.2289 0.2221 -0.1012 0.2730 ];[-0.0796 -0.0547 0.0260 -0.0933 0.2109 1.0000 0.0893 0.0659 -0.3595 -0.0634 -0.1994 -0.2182 -0.2812 -0.1187 0.0728 -0.1836 -0.0392 0.1901 0.0868 0.0389 -0.0898 0.1094 0.1126 0.1334 0.2584 ];[0.0386 -0.1986 -0.0849 0.1587 -0.0879 0.0893 1.0000 0.2063 -0.2206 -0.0775 0.0506 0.1327 -0.1301 -0.1140 0.0935 -0.0286 -0.1008 0.1660 0.1411 -0.2069 0.1801 0.1161 -0.0300 -0.0097 -0.0660 ];[0.2338 -0.2806 0.0715 0.1864 0.2101 0.0659 0.2063 1.0000 -0.2555 -0.1014 -0.0875 -0.2149 -0.0423 -0.0284 -0.1237 -0.1518 -0.2133 0.1075 0.0694 -0.1516 -0.1077 0.2447 -0.1045 0.0495 0.1214 ];[0.0254 0.1595 -0.1539 0.0099 -0.0902 -0.3595 -0.2206 -0.2555 1.0000 0.0604 0.0715 0.0484 0.2200 0.0518 0.0973 0.1897 0.0071 -0.4850 -0.2098 0.3179 0.1750 -0.2224 -0.0445 -0.3726 0.0734 ];[0.0316 0.0184 -0.2518 -0.0522 -0.0949 -0.0634 -0.0775 -0.1014 0.0604 1.0000 0.0426 0.2193 0.1119 -0.0416 0.0903 -0.0397 0.0113 0.2000 -0.2587 -0.0341 0.1276 -0.2528 -0.0365 0.1113 0.0417 ];[0.4308 0.1455 -0.1267 0.0627 -0.1608 -0.1994 0.0506 -0.0875 0.0715 0.0426 1.0000 0.0757 -0.0275 0.1014 0.0560 0.1139 -0.0387 -0.1229 0.0691 -0.0877 0.0423 0.0202 -0.2556 0.2543 0.1074 ];[0.0595 -0.2267 -0.0457 -0.1610 -0.1721 -0.2182 0.1327 -0.2149 0.0484 0.2193 0.0757 1.0000 0.1498 -0.0024 -0.0643 0.0365 0.1767 0.0570 -0.1035 -0.0288 0.0045 -0.2481 -0.3069 0.1217 -0.1585 ];[-0.0562 0.0615 -0.1182 0.0019 -0.0025 -0.2812 -0.1301 -0.0423 0.2200 0.1119 -0.0275 0.1498 1.0000 -0.3105 -0.0724 0.2968 -0.0996 -0.0006 -0.1236 0.2789 -0.1327 -0.1194 -0.3212 -0.3220 -0.2096 ];[-0.1167 0.1421 -0.1653 -0.0916 0.2146 -0.1187 -0.1140 -0.0284 0.0518 -0.0416 0.1014 -0.0024 -0.3105 1.0000 -0.0318 -0.0834 0.2158 -0.2320 -0.0176 0.0139 -0.0673 0.1386 0.3092 0.2395 0.1904 ];[-0.0145 -0.2527 0.1285 0.1308 0.0225 0.0728 0.0935 -0.1237 0.0973 0.0903 0.0560 -0.0643 -0.0724 -0.0318 1.0000 -0.0014 0.0032 0.0600 0.0404 -0.0496 0.1949 -0.0531 0.0489 0.0482 -0.1634 ];[-0.0480 0.1115 -0.0695 -0.1083 -0.0867 -0.1836 -0.0286 -0.1518 0.1897 -0.0397 0.1139 0.0365 0.2968 -0.0834 -0.0014 1.0000 -0.2575 -0.2776 0.0310 0.0761 0.1641 0.0143 -0.1511 0.0566 -0.2025 ];[-0.0158 -0.0125 0.1521 -0.1169 0.0488 -0.0392 -0.1008 -0.2133 0.0071 0.0113 -0.0387 0.1767 -0.0996 0.2158 0.0032 -0.2575 1.0000 0.2479 -0.1291 -0.0763 -0.1233 0.0714 0.1789 0.1735 0.1685 ];[0.0574 -0.1935 0.2525 0.0702 0.0493 0.1901 0.1660 0.1075 -0.4850 0.2000 -0.1229 0.0570 -0.0006 -0.2320 0.0600 -0.2776 0.2479 1.0000 0.1322 -0.0408 -0.1321 0.0500 0.1147 0.0838 -0.0394 ];[-0.0170 -0.1131 0.1654 -0.1382 0.2465 0.0868 0.1411 0.0694 -0.2098 -0.2587 0.0691 -0.1035 -0.1236 -0.0176 0.0404 0.0310 -0.1291 0.1322 1.0000 -0.1243 -0.0681 0.1800 0.1639 0.0806 0.0964 ];[-0.1551 0.1806 0.0629 0.0948 0.0798 0.0389 -0.2069 -0.1516 0.3179 -0.0341 -0.0877 -0.0288 0.2789 0.0139 -0.0496 0.0761 -0.0763 -0.0408 -0.1243 1.0000 -0.1579 -0.0846 -0.0250 -0.1005 -0.0721 ];[0.0253 -0.0653 -0.0783 0.1405 0.0607 -0.0898 0.1801 -0.1077 0.1750 0.1276 0.0423 0.0045 -0.1327 -0.0673 0.1949 0.1641 -0.1233 -0.1321 -0.0681 -0.1579 1.0000 -0.0836 -0.1160 -0.0274 -0.0943 ];[-0.1666 0.0120 0.0978 -0.0604 0.2289 0.1094 0.1161 0.2447 -0.2224 -0.2528 0.0202 -0.2481 -0.1194 0.1386 -0.0531 0.0143 0.0714 0.0500 0.1800 -0.0846 -0.0836 1.0000 0.2955 0.1056 -0.0666 ];[-0.3569 -0.0134 0.2266 -0.2338 0.2221 0.1126 -0.0300 -0.1045 -0.0445 -0.0365 -0.2556 -0.3069 -0.3212 0.3092 0.0489 -0.1511 0.1789 0.1147 0.1639 -0.0250 -0.1160 0.2955 1.0000 0.1159 0.0133 ];[0.1767 -0.1175 0.1822 -0.2503 -0.1012 0.1334 -0.0097 0.0495 -0.3726 0.1113 0.2543 0.1217 -0.3220 0.2395 0.0482 0.0566 0.1735 0.0838 0.0806 -0.1005 -0.0274 0.1056 0.1159 1.0000 0.0422 ];[0.0129 0.1454 -0.0016 -0.1195 0.2730 0.2584 -0.0660 0.1214 0.0734 0.0417 0.1074 -0.1585 -0.2096 0.1904 -0.1634 -0.2025 0.1685 -0.0394 0.0964 -0.0721 -0.0943 -0.0666 0.0133 0.0422 1.0000 ]]